#page0-left
2222 2222 2222
1111 1111 2222
1122 1122 2222
2211 2211 2222
2121 2121 2222
1212 1212 2222
1221 1221 2222
2112 2112 2222
#page0-right
1222 1222 2222
2221 2221 2222
2122 2122 2222
2212 2212 2222
1121 1121 2222
1211 1211 2222
2111 2111 2222
1112 1112 2222
#page1-left
1111 2222 1111
2222 1111 1111
1122 2211 1111
2211 1122 1111
1212 2121 1111
2121 1212 1111
1221 2112 1111
2112 1221 1111
#page1-right
1222 2111 1111
2111 1222 1111
1112 2221 1111
2221 1112 1111
1211 2122 1111
2122 1211 1111
1121 2212 1111
2212 1121 1111
#page2-left
2211 2222 2211
2222 2211 2211
1122 1111 2211
1111 1122 2211
2121 2112 2211
2112 2121 2211
1212 1221 2211
1221 1212 2211
#page2-right
1112 1121 2211
1121 1112 2211
2122 2111 2211
2111 2122 2211
1211 1222 2211
1222 1211 2211
2212 2221 2211
2221 2212 2211
#page3-left
2121 2222 2121
2222 2121 2121
1212 1111 2121
1111 1212 2121
1221 1122 2121
1122 1221 2121
2112 2211 2121
2211 2112 2121
#page3-right
1121 1222 2121
1222 1121 2121
2122 2221 2121
2221 2122 2121
1211 1112 2121
1112 1211 2121
2111 2212 2121
2212 2111 2121
#page4-left
1122 2222 1122
2222 1122 1122
2211 1111 1122
1111 2211 1122
2121 1221 1122
1221 2121 1122
1212 2112 1122
2112 1212 1122
#page4-right
2122 1222 1122
1222 2122 1122
1121 2221 1122
2221 1121 1122
2212 1112 1122
1112 2212 1122
1211 2111 1122
2111 1211 1122
#page5-left
1212 2222 1212
2222 1212 1212
1111 2121 1212
2121 1111 1212
2112 1122 1212
1122 2112 1212
2211 1221 1212
1221 2211 1212
#page5-right
1121 2111 1212
2111 1121 1212
2122 1112 1212
1112 2122 1212
1222 2212 1212
2212 1222 1212
2221 1211 1212
1211 2221 1212
#page6-left
1221 2222 1221
2222 1221 1221
2112 1111 1221
1111 2112 1221
2121 1122 1221
1122 2121 1221
2211 1212 1221
1212 2211 1221
#page6-right
2122 1121 1221
1121 2122 1221
1211 2212 1221
2212 1211 1221
2111 1112 1221
1112 2111 1221
2221 1222 1221
1222 2221 1221
#page7-left
2112 2222 2112
2222 2112 2112
1221 1111 2112
1111 1221 2112
1212 1122 2112
1122 1212 2112
2121 2211 2112
2211 2121 2112
#page7-right
1222 1112 2112
1112 1222 2112
2221 2111 2112
2111 2221 2112
1211 1121 2112
1121 1211 2112
2212 2122 2112
2122 2212 2112
